4 0.342237 0.800501 0.122705 0.161937
4 0.356114 0.952421 0.147538 0.095159
4 0.551127 0.908180 0.154841 0.183639
4 0.697204 0.858097 0.175292 0.196995
4 0.915067 0.942404 0.169866 0.115192
4 0.616131 0.707012 0.094950 0.098497
4 0.700856 0.668614 0.109558 0.075125
4 0.963272 0.666110 0.073456 0.093489
4 0.751252 0.515025 0.058431 0.045075
4 0.584725 0.611853 0.067195 0.061770
4 0.364879 0.657763 0.071578 0.083472
4 0.378026 0.481636 0.033598 0.035058
4 0.424040 0.484140 0.029215 0.026711
4 0.605175 0.414858 0.023372 0.025042
15 0.731532 0.469115 0.054048 0.043406
15 0.418927 0.542571 0.056970 0.046745
15 0.521912 0.495826 0.040902 0.036728
16 0.475897 0.501669 0.042362 0.031720
18 0.504382 0.683639 0.122705 0.188648
10 0.821369 0.759599 0.157763 0.173623
3 0.146494 0.793823 0.227880 0.409015
3 0.248748 0.516694 0.093489 0.098497
3 0.344428 0.435726 0.054048 0.056761
4 0.317404 0.488314 0.032137 0.041736
4 0.394094 0.585977 0.062813 0.076795
17 0.284537 0.641068 0.056970 0.116861
17 0.334933 0.555927 0.032137 0.060100
17 0.353193 0.514190 0.036519 0.040067
4 0.484662 0.530885 0.054048 0.040067
4 0.481010 0.549249 0.043823 0.023372
4 0.661415 0.604341 0.092028 0.056761
10 0.717654 0.534224 0.061352 0.053422
0 0.632199 0.544240 0.068656 0.073456
19 0.598602 0.509182 0.045284 0.073456
19 0.443030 0.435726 0.026294 0.040067
3 0.644616 0.421536 0.049666 0.051753