6 0.188462 0.709948 0.256923 0.299476
6 0.171923 0.516754 0.205385 0.143455
6 0.419231 0.549738 0.204615 0.245026
6 0.433846 0.829843 0.121538 0.160209
6 0.648462 0.713089 0.246154 0.320419
9 0.566538 0.825131 0.111538 0.138220
6 0.881923 0.815183 0.203846 0.183246
6 0.653462 0.397382 0.180769 0.174869
6 0.494231 0.357592 0.146923 0.174869
6 0.377692 0.376963 0.153846 0.154974
6 0.225000 0.411518 0.180769 0.096335
6 0.063846 0.450262 0.126154 0.113089
6 0.084231 0.341885 0.163846 0.089005
6 0.071154 0.216754 0.080769 0.108901
6 0.039231 0.276440 0.075385 0.069110
6 0.147308 0.053403 0.040769 0.037696
6 0.167692 0.113613 0.067692 0.068063
6 0.196154 0.130890 0.055385 0.067016
6 0.216923 0.217277 0.078462 0.103665
6 0.212308 0.298429 0.107692 0.106806
6 0.150000 0.247120 0.086154 0.102618
6 0.291538 0.297382 0.086154 0.134031
6 0.368077 0.275916 0.116154 0.132984
6 0.473462 0.249215 0.136154 0.110995
6 0.626538 0.250262 0.151538 0.106806
6 0.663462 0.163874 0.096154 0.097382
6 0.755000 0.151832 0.102308 0.110995
6 0.839231 0.290576 0.104615 0.166492
6 0.923077 0.406283 0.153846 0.152880
6 0.390769 0.165969 0.101538 0.112042
6 0.322308 0.168586 0.075385 0.094241
6 0.275769 0.191099 0.060769 0.070157
6 0.249231 0.137173 0.061538 0.043979
6 0.234231 0.095812 0.050000 0.040838
6 0.211923 0.058115 0.048462 0.034555
6 0.187692 0.039267 0.046154 0.036649
6 0.248077 0.035602 0.046923 0.039791
6 0.276154 0.085864 0.061538 0.069110
6 0.296154 0.042408 0.053846 0.063874
6 0.336923 0.098429 0.073846 0.069110
6 0.357308 0.060733 0.051538 0.081675
7 0.476154 0.121466 0.081538 0.184293
7 0.620385 0.072775 0.065385 0.143455
6 0.030000 0.758115 0.058462 0.257592
6 0.013846 0.221990 0.026154 0.046073
6 0.126538 0.168063 0.063846 0.070157
6 0.111923 0.116754 0.053077 0.042932
6 0.954615 0.623037 0.090769 0.207330
9 0.673846 0.587435 0.115385 0.092147
9 0.858077 0.695812 0.122308 0.107853
9 0.963077 0.819895 0.073846 0.110995
