7 0.194306 0.202003 0.110492 0.096828
13 0.201672 0.264608 0.081027 0.095159
17 0.423883 0.282972 0.051563 0.091820
13 0.313392 0.236227 0.044197 0.085142
13 0.361885 0.214524 0.047880 0.088481
13 0.692747 0.060100 0.017188 0.043406
13 0.685995 0.030885 0.018415 0.025042
9 0.967301 0.814691 0.065399 0.176962
10 0.986944 0.057596 0.026113 0.038397
19 0.844980 0.101836 0.029464 0.046745
19 0.808149 0.085142 0.044197 0.053422
15 0.158089 0.592654 0.126452 0.133556
4 0.463783 0.306344 0.047880 0.071786
8 0.669421 0.126043 0.054018 0.065109
3 0.614789 0.030050 0.052791 0.050083
3 0.596987 0.092654 0.085938 0.085142
3 0.559543 0.187813 0.133818 0.108514
3 0.781140 0.526711 0.206251 0.462437
3 0.849277 0.225376 0.136273 0.183639
3 0.929691 0.101836 0.073661 0.120200
10 0.655302 0.398998 0.136273 0.283806
3 0.334876 0.642738 0.565964 0.527546
3 0.821040 0.031720 0.047880 0.053422
3 0.737557 0.037563 0.067523 0.065109
4 0.887335 0.031720 0.025781 0.040067
19 0.983261 0.012521 0.033479 0.025042
17 0.470536 0.225376 0.058929 0.080134
3 0.666352 0.020868 0.038058 0.038397