3 0.724057 0.726636 0.191038 0.543558
3 0.173349 0.230985 0.341981 0.152933
3 0.340212 0.347067 0.274764 0.178729
3 0.544811 0.398659 0.202830 0.322450
3 0.703420 0.079894 0.090802 0.079231
3 0.792453 0.107532 0.040094 0.053435
3 0.830189 0.089107 0.037736 0.053435
3 0.769458 0.176629 0.083726 0.070018
3 0.750590 0.298239 0.114387 0.158461
3 0.632075 0.200582 0.113208 0.051592
3 0.426887 0.219929 0.080189 0.090286
17 0.062500 0.827056 0.125000 0.276386
17 0.251769 0.562647 0.114387 0.127137
17 0.234080 0.652933 0.086085 0.105027
17 0.389151 0.484338 0.089623 0.132665
17 0.835495 0.143463 0.022406 0.025796
17 0.827830 0.197818 0.023585 0.042379
17 0.811321 0.390367 0.047170 0.092129
9 0.920401 0.936560 0.086085 0.126879
9 0.843160 0.553435 0.040094 0.138193
19 0.918632 0.701761 0.125000 0.346403
19 0.614387 0.571860 0.113208 0.234006
19 0.866156 0.134250 0.041274 0.029481
17 0.085495 0.352594 0.093160 0.042379
17 0.145637 0.324956 0.086085 0.053435
9 0.838443 0.289026 0.033019 0.081073
4 0.514151 0.242040 0.082547 0.060805
4 0.900943 0.482496 0.084906 0.125295
4 0.886203 0.371020 0.074292 0.093971
4 0.887382 0.298239 0.057783 0.073703
4 0.876769 0.211638 0.045991 0.058962
4 0.833726 0.242040 0.040094 0.068175
8 0.711085 0.403265 0.091981 0.117925
8 0.481722 0.892339 0.208726 0.215323
3 0.681014 0.277970 0.069575 0.162146
3 0.710495 0.145305 0.081368 0.058962
4 0.985849 0.269679 0.028302 0.068175
19 0.987028 0.209795 0.025943 0.055277
4 0.938679 0.154518 0.030660 0.040537
3 0.773585 0.021853 0.025943 0.025796
3 0.813679 0.020010 0.023585 0.029481
3 0.775354 0.063311 0.034198 0.042379
3 0.810731 0.057783 0.036557 0.035009
17 0.856722 0.092792 0.022406 0.038694
4 0.829009 0.167416 0.030660 0.025796
4 0.872052 0.163731 0.048349 0.033166
4 0.990566 0.122273 0.018868 0.042379
19 0.951061 0.102926 0.031840 0.051592