17 0.331853 0.651000 0.158629 0.342000
17 0.149112 0.526000 0.095178 0.192000
13 0.037437 0.493000 0.072335 0.170000
13 0.083122 0.478000 0.044416 0.136000
6 0.726523 0.713000 0.539340 0.570000
17 0.322970 0.467000 0.107868 0.062000
13 0.197970 0.477000 0.038071 0.138000
13 0.226523 0.478000 0.046954 0.148000
13 0.270305 0.404000 0.025381 0.048000
13 0.211294 0.479000 0.052030 0.142000
13 0.177665 0.415000 0.032995 0.050000
13 0.333756 0.400000 0.022843 0.052000
6 0.417513 0.427000 0.126904 0.102000
13 0.024112 0.455000 0.040609 0.078000
6 0.541244 0.477000 0.107868 0.170000
