17 0.913889 0.445000 0.070000 0.090000
9 0.593333 0.325000 0.135556 0.193333
9 0.527222 0.338333 0.101111 0.183333
9 0.219444 0.331667 0.092222 0.183333
9 0.168333 0.700000 0.236667 0.503333
9 0.162222 0.309167 0.093333 0.158333
9 0.450000 0.342500 0.082222 0.191667
9 0.299444 0.338333 0.083333 0.203333
9 0.340556 0.720833 0.254444 0.485000
9 0.531111 0.666667 0.168889 0.583333
9 0.680556 0.654167 0.176667 0.545000
9 0.373889 0.347500 0.096667 0.245000
9 0.864444 0.538333 0.184444 0.256667
9 0.946111 0.659167 0.107778 0.308333
