17 0.414696 0.890449 0.119932 0.211852
17 0.394426 0.633024 0.076014 0.165048
17 0.892736 0.734023 0.123311 0.150267
17 0.436655 0.495073 0.048986 0.105926
17 0.488176 0.535719 0.047297 0.108390
17 0.496622 0.444573 0.040541 0.068975
17 0.480574 0.395305 0.032095 0.054195
17 0.799831 0.610853 0.052365 0.140414
17 0.770239 0.517244 0.043981 0.061585
17 0.222410 0.316782 0.043168 0.054742
17 0.259947 0.300359 0.024399 0.032845
17 0.359891 0.262724 0.019707 0.036951
17 0.397898 0.255197 0.018769 0.035582
19 0.228979 0.405966 0.118243 0.088956
3 0.380068 0.360119 0.129505 0.147804
7 0.091967 0.393649 0.153904 0.149173
7 0.207395 0.700890 0.302177 0.418778
7 0.278247 0.258846 0.059122 0.046531
7 0.342530 0.221895 0.039414 0.027371
7 0.672860 0.767647 0.165165 0.464706
7 0.688814 0.446110 0.086336 0.171070
7 0.620308 0.357838 0.050676 0.153278
3 0.563063 0.275725 0.048799 0.093062
9 0.474850 0.662342 0.050676 0.146435
2 0.529279 0.667132 0.031907 0.142330
4 0.495495 0.344153 0.037538 0.049268
19 0.507695 0.298990 0.035661 0.054742
7 0.635323 0.239230 0.035661 0.054742