3 0.664740 0.607390 0.237769 0.401848
7 0.556723 0.354503 0.042116 0.140878
10 0.118721 0.539261 0.144360 0.187067
19 0.243549 0.684758 0.146058 0.214781
19 0.404893 0.374134 0.074727 0.069284
17 0.443105 0.824480 0.123979 0.157044
17 0.359037 0.774827 0.071331 0.247113
17 0.220622 0.451501 0.066236 0.062356
17 0.024969 0.542725 0.049938 0.129330
4 0.116173 0.339492 0.067934 0.083141
19 0.145894 0.851039 0.212293 0.113164
4 0.365831 0.502309 0.091711 0.099307
4 0.466033 0.665127 0.081521 0.152425
15 0.276667 0.405312 0.066236 0.071594
4 0.053335 0.423788 0.095107 0.057737
9 0.810798 0.748268 0.050950 0.133949
2 0.825234 0.465358 0.049252 0.108545
4 0.033461 0.717090 0.066921 0.136259
17 0.476163 0.551193 0.071331 0.071594
19 0.481683 0.454196 0.073878 0.101617
4 0.335200 0.612394 0.049252 0.147806
19 0.314537 0.353734 0.050950 0.062356
4 0.246179 0.288106 0.050101 0.040416
19 0.310291 0.291955 0.052649 0.031178
19 0.310291 0.242879 0.022079 0.036952
4 0.443524 0.318621 0.056612 0.028227