3 0.448113 0.482980 0.132075 0.260401
3 0.744104 0.590204 0.153302 0.263805
3 0.684552 0.451494 0.093160 0.183813
3 0.644458 0.318740 0.081368 0.088502
3 0.574292 0.510212 0.096698 0.188919
3 0.554835 0.365544 0.086085 0.086800
3 0.572524 0.243854 0.055425 0.088502
3 0.638561 0.248109 0.057783 0.042549
3 0.514151 0.294913 0.051887 0.081695
3 0.541274 0.160457 0.030660 0.040847
3 0.345519 0.199602 0.033019 0.030635
3 0.356722 0.172371 0.022406 0.027232
3 0.380896 0.191093 0.030660 0.034039
7 0.175708 0.370650 0.061321 0.127648
3 0.357311 0.288956 0.073113 0.097012
3 0.438090 0.208112 0.034198 0.037443
3 0.216392 0.278744 0.038915 0.045953
3 0.586085 0.881477 0.181604 0.237046
10 0.777712 0.865923 0.090802 0.236574
16 0.056014 0.939108 0.112028 0.117436
4 0.438090 0.654879 0.086085 0.124244
17 0.379717 0.766358 0.063679 0.153177
9 0.307783 0.924641 0.054245 0.129350
9 0.379717 0.903367 0.047170 0.131052
17 0.122052 0.442133 0.048349 0.052761
17 0.075472 0.657432 0.047170 0.071483
3 0.406840 0.143437 0.049528 0.030635
4 0.410967 0.330654 0.045991 0.037443
13 0.352594 0.345972 0.035377 0.068079
13 0.449882 0.788484 0.053066 0.139561
13 0.507075 0.732319 0.051887 0.112330
13 0.516509 0.659985 0.051887 0.069781
13 0.553656 0.622542 0.036557 0.083396
13 0.609080 0.628499 0.038915 0.095310
13 0.629127 0.690621 0.043632 0.114032
13 0.570755 0.703385 0.049528 0.085098
13 0.443986 0.935089 0.074292 0.129822
4 0.121462 0.587651 0.063679 0.057867
15 0.217571 0.521275 0.064858 0.098714
15 0.350236 0.441282 0.068396 0.085098
13 0.246462 0.546804 0.035377 0.044251
8 0.045401 0.488937 0.086085 0.102118
10 0.423939 0.280446 0.036557 0.052761
3 0.580189 0.186838 0.037736 0.028933
10 0.129127 0.723809 0.128538 0.241680
3 0.895637 0.899348 0.208726 0.201304
4 0.320755 0.517871 0.068396 0.064675
3 0.309552 0.210665 0.031840 0.028933
3 0.301297 0.252363 0.043632 0.030635
3 0.500590 0.204708 0.029481 0.030635