17 0.379553 0.770723 0.072146 0.148148
3 0.457202 0.500000 0.122281 0.209877
7 0.570312 0.495591 0.099048 0.176367
7 0.740282 0.579365 0.147960 0.259259
7 0.646737 0.471781 0.036684 0.227513
7 0.549524 0.361552 0.094156 0.098765
7 0.500611 0.317460 0.030570 0.116402
7 0.624392 0.340829 0.036015 0.111993
7 0.633286 0.347443 0.000000 0.007055
7 0.355699 0.285766 0.073350 0.116298
4 0.431909 0.656915 0.094607 0.105820
13 0.445027 0.784521 0.057544 0.136944
13 0.509045 0.725127 0.048912 0.070028
13 0.555799 0.625791 0.041719 0.076771
13 0.612264 0.623197 0.038123 0.073659
13 0.513298 0.651209 0.046160 0.071584
13 0.440711 0.934277 0.064737 0.131445
20 0.698877 0.870630 0.055367 0.149393
10 0.766779 0.908497 0.059108 0.164955
9 0.379139 0.904866 0.053228 0.120344
14 0.303828 0.930646 0.053948 0.138707
15 0.350545 0.447946 0.049707 0.079313
4 0.408486 0.339506 0.033088 0.065256
10 0.149251 0.771553 0.168316 0.218902
19 0.037231 0.496628 0.074462 0.106858
16 0.054350 0.940502 0.108701 0.118996
17 0.121558 0.437649 0.046755 0.052391
7 0.571480 0.247484 0.054667 0.089325
13 0.624780 0.691151 0.048193 0.132794
7 0.897375 0.907304 0.205250 0.185393
13 0.568674 0.709306 0.051070 0.084034
7 0.344034 0.198854 0.033016 0.043210
7 0.542129 0.155644 0.026902 0.048501
7 0.306433 0.250882 0.051969 0.048501
7 0.171094 0.410121 0.011287 0.001357
10 0.243948 0.446502 0.069802 0.107290