3 0.728333 0.646977 0.240667 0.467554
19 0.654000 0.340544 0.152667 0.153078
15 0.553000 0.289240 0.079333 0.095951
9 0.490500 0.270937 0.032333 0.075984
9 0.427333 0.212146 0.028667 0.070438
9 0.398833 0.166944 0.026333 0.073211
9 0.450833 0.174154 0.018333 0.062119
9 0.465500 0.145313 0.014333 0.052135
7 0.510000 0.172490 0.081333 0.122019
19 0.599833 0.232390 0.077000 0.063228
14 0.030500 0.801997 0.060333 0.211869
7 0.341833 0.171104 0.095000 0.119246
14 0.856333 0.519689 0.057333 0.173045
9 0.782667 0.436495 0.052667 0.106489
9 0.747333 0.393788 0.035333 0.087632
4 0.956167 0.678869 0.087667 0.178591
3 0.069000 0.280643 0.097333 0.171936
9 0.363000 0.095119 0.011333 0.037160
9 0.349500 0.102329 0.013000 0.033833
9 0.384833 0.101775 0.012333 0.040488
9 0.380833 0.120910 0.013000 0.038824
4 0.436000 0.135885 0.034667 0.045480
4 0.423333 0.181642 0.035333 0.059346
19 0.317333 0.098447 0.041333 0.039379
9 0.309667 0.066833 0.006667 0.022740
9 0.322333 0.058514 0.006667 0.024958
4 0.344167 0.069052 0.022333 0.027177
4 0.299500 0.030505 0.012333 0.012202
4 0.257000 0.029118 0.012000 0.016084
4 0.284000 0.047144 0.016667 0.021076
9 0.280667 0.061287 0.006000 0.024958
