7 0.703500 0.743628 0.359000 0.467766
7 0.329000 0.658171 0.400000 0.341829
17 0.219500 0.906297 0.157000 0.187406
17 0.061000 0.838831 0.102000 0.115442
13 0.043500 0.698651 0.085000 0.158921
13 0.064000 0.479760 0.044000 0.188906
13 0.015000 0.449775 0.028000 0.164918
13 0.777500 0.400300 0.061000 0.167916
13 0.728500 0.505997 0.049000 0.142429
13 0.781000 0.541979 0.064000 0.106447
13 0.553000 0.328336 0.066000 0.089955
13 0.486500 0.365817 0.063000 0.098951
13 0.409000 0.436282 0.044000 0.116942
13 0.372500 0.275862 0.037000 0.113943
13 0.329500 0.236882 0.037000 0.101949
13 0.245000 0.134933 0.032000 0.107946
13 0.158500 0.109445 0.031000 0.080960
13 0.458000 0.146927 0.034000 0.095952
13 0.496000 0.172414 0.042000 0.071964
13 0.205500 0.147676 0.043000 0.085457
13 0.198000 0.078711 0.040000 0.055472
13 0.279500 0.218141 0.053000 0.109445
17 0.051500 0.130435 0.059000 0.098951
13 0.096000 0.183658 0.032000 0.055472
17 0.129500 0.161919 0.027000 0.095952
3 0.207000 0.384558 0.232000 0.208396
17 0.487000 0.456522 0.106000 0.064468
17 0.567000 0.410795 0.086000 0.056972
17 0.656000 0.514243 0.016000 0.005997
17 0.605000 0.480510 0.104000 0.058471
17 0.407000 0.239880 0.030000 0.116942
17 0.467500 0.263118 0.073000 0.103448
17 0.608000 0.259370 0.058000 0.101949
17 0.853500 0.458771 0.033000 0.167916
17 0.686000 0.468516 0.032000 0.145427
15 0.699000 0.301349 0.120000 0.176912
19 0.856000 0.311844 0.098000 0.182909
4 0.748000 0.140180 0.086000 0.118441
4 0.884500 0.050975 0.129000 0.098951
17 0.816500 0.191154 0.043000 0.085457
9 0.863500 0.624438 0.065000 0.082459
13 0.935000 0.688156 0.052000 0.122939
16 0.976000 0.203898 0.044000 0.155922
4 0.381000 0.131184 0.108000 0.079460
17 0.279500 0.075712 0.037000 0.076462
13 0.294000 0.028486 0.046000 0.047976
17 0.374500 0.952774 0.143000 0.091454
20 0.924500 0.167916 0.061000 0.098951
1 0.962000 0.491004 0.076000 0.166417
