19 0.369696 0.857333 0.108143 0.248000
3 0.631796 0.690000 0.213849 0.490000
7 0.638998 0.398333 0.084210 0.120000
7 0.350358 0.361111 0.047645 0.086667
7 0.293848 0.331111 0.058725 0.046667
15 0.399111 0.492778 0.049861 0.086667
15 0.388030 0.422778 0.040997 0.050000
17 0.323765 0.513611 0.040997 0.081667
17 0.106961 0.619444 0.069806 0.113333
17 0.194495 0.597778 0.056509 0.110000
17 0.188955 0.484444 0.036565 0.076667
17 0.340201 0.435278 0.033241 0.055000
17 0.494770 0.475278 0.034349 0.085000
17 0.267071 0.384444 0.024377 0.036667
17 0.309176 0.416111 0.026593 0.040000
17 0.946183 0.890556 0.107634 0.218889
17 0.928931 0.687778 0.113019 0.120000
9 0.824777 0.779444 0.050969 0.166667
2 0.781564 0.512778 0.037673 0.080000
2 0.783226 0.606111 0.072022 0.120000
4 0.781564 0.669444 0.004432 0.020000
4 0.262639 0.661111 0.081994 0.150000
4 0.258761 0.462778 0.043213 0.066667
4 0.212778 0.401111 0.035457 0.033333
4 0.392278 0.367778 0.031025 0.036667
4 0.482028 0.408611 0.033241 0.041667
16 0.373441 0.609444 0.066481 0.106667