3 0.147406 0.897164 0.287736 0.205672
3 0.500000 0.888755 0.353774 0.222491
3 0.866745 0.904701 0.266509 0.170290
3 0.158019 0.833221 0.308962 0.203927
3 0.589033 0.700774 0.237028 0.086196
3 0.941627 0.720746 0.116745 0.063070
3 0.316038 0.681853 0.245283 0.081991
3 0.076061 0.555712 0.064858 0.042047
3 0.553656 0.566224 0.053066 0.050456
3 0.456368 0.598810 0.134434 0.065173
3 0.261203 0.577787 0.130896 0.048354
3 0.081368 0.646113 0.158019 0.042047
3 0.084906 0.686057 0.169811 0.046252
3 0.865566 0.653471 0.136792 0.039945
3 0.974646 0.650318 0.022406 0.067275
3 0.942807 0.639806 0.020047 0.067275
3 0.154481 0.568326 0.068396 0.050456
3 0.667453 0.589350 0.134434 0.025228
3 0.958137 0.583043 0.083726 0.050456
3 0.702241 0.639806 0.182783 0.054661
3 0.773585 0.573582 0.051887 0.039945
3 0.584316 0.627192 0.128538 0.046252
3 0.099646 0.601964 0.173349 0.037842
3 0.280660 0.608271 0.174528 0.021023
7 0.698113 0.891036 0.075472 0.203927
3 0.884434 0.784867 0.231132 0.037842
3 0.785377 0.726002 0.165094 0.016819
3 0.808962 0.700774 0.134434 0.033637
3 0.643868 0.562019 0.061321 0.037842
3 0.590212 0.533637 0.053066 0.044149
3 0.088443 0.516819 0.044811 0.035740
3 0.031840 0.538893 0.028302 0.054661