7 0.875374 0.676000 0.249251 0.477333
17 0.718426 0.762667 0.107744 0.218667
16 0.588154 0.706667 0.121456 0.213333
4 0.437313 0.764000 0.125374 0.269333
16 0.298226 0.798667 0.129292 0.221333
9 0.505877 0.602667 0.043097 0.122667
6 0.380503 0.458667 0.074441 0.149333
4 0.305780 0.316970 0.047193 0.044848
17 0.454484 0.403030 0.040070 0.076364
15 0.502568 0.451515 0.063221 0.132121
3 0.610757 0.433939 0.078359 0.201212
17 0.663738 0.361818 0.036508 0.052121
17 0.743433 0.367879 0.039179 0.061818
17 0.484462 0.255758 0.018699 0.029091
17 0.537444 0.227879 0.017809 0.021818
17 0.580630 0.226667 0.016918 0.029091
17 0.329080 0.246061 0.017809 0.024242
4 0.339320 0.263636 0.032946 0.025455
4 0.421859 0.360513 0.039179 0.058462
4 0.429017 0.285128 0.033905 0.034872
4 0.455765 0.316410 0.034659 0.046154
4 0.476108 0.284615 0.027124 0.031795
4 0.523575 0.310256 0.034659 0.037949
4 0.386824 0.249231 0.024864 0.020513
4 0.365350 0.242051 0.019590 0.018462
0 0.552960 0.274872 0.028631 0.047179
0 0.598479 0.239140 0.019590 0.036129
8 0.507481 0.267527 0.025909 0.041290
11 0.534970 0.378925 0.041707 0.074839
7 0.458507 0.234409 0.022749 0.045591
7 0.335281 0.215054 0.042971 0.036129
16 0.493579 0.222796 0.015798 0.022366
16 0.381412 0.225806 0.015166 0.018065
4 0.532758 0.255914 0.017062 0.030108
17 0.513484 0.193548 0.011375 0.020645
19 0.402897 0.229247 0.026541 0.026667
19 0.495159 0.344086 0.039179 0.073978
10 0.558351 0.197849 0.016430 0.032688
13 0.632287 0.283871 0.020222 0.037849
13 0.655668 0.314409 0.021486 0.040430
7 0.199627 0.262222 0.089786 0.068889
17 0.689370 0.321111 0.031017 0.031111
13 0.613956 0.253194 0.013468 0.037500
4 0.056292 0.568000 0.111662 0.122667