7 0.760135 0.562078 0.135135 0.324324
7 0.065034 0.659628 0.130068 0.255912
7 0.618243 0.387247 0.081081 0.157095
7 0.738176 0.284628 0.050676 0.048142
15 0.231419 0.705236 0.158784 0.169764
8 0.893894 0.771115 0.105355 0.250845
4 0.550676 0.773649 0.108108 0.230574
4 0.562500 0.582348 0.077703 0.116554
4 0.488176 0.399916 0.050676 0.070946
4 0.866554 0.463260 0.054054 0.070946
4 0.587838 0.501267 0.064189 0.060811
20 0.658850 0.902660 0.087970 0.194679
17 0.860642 0.559544 0.052365 0.076014
13 0.271959 0.574747 0.057432 0.091216
13 0.204580 0.521068 0.071321 0.115428
13 0.662068 0.676145 0.047860 0.122466
13 0.962056 0.680837 0.042230 0.116836
13 0.925457 0.542887 0.042230 0.074606
4 0.926364 0.946181 0.147272 0.104167
4 0.709147 0.365522 0.035661 0.035191
17 0.685686 0.394379 0.030030 0.036599
10 0.886512 0.402121 0.067568 0.063345
13 0.115097 0.516196 0.048688 0.078994
13 0.305379 0.426769 0.039746 0.081975
13 0.260665 0.464030 0.039746 0.084956
13 0.154346 0.497566 0.043720 0.101351
17 0.649179 0.599414 0.067568 0.056638
17 0.656631 0.544267 0.054650 0.059618
4 0.675510 0.489120 0.036765 0.050676
4 0.682466 0.436954 0.036765 0.035771
8 0.357711 0.329392 0.067568 0.058128