3 0.270723 0.697460 0.220785 0.244804
3 0.134855 0.592379 0.129074 0.131640
3 0.377719 0.346420 0.098504 0.064665
3 0.243549 0.310624 0.098504 0.103926
3 0.139950 0.474596 0.129074 0.085450
3 0.042363 0.785219 0.083355 0.263279
3 0.842217 0.383372 0.083219 0.106236
3 0.906754 0.368360 0.056045 0.094688
3 0.671533 0.314088 0.067934 0.060046
7 0.307238 0.422633 0.100203 0.073903
19 0.603599 0.847575 0.193612 0.110855
19 0.483866 0.678984 0.117186 0.101617
18 0.797211 0.495381 0.118884 0.163972
10 0.950224 0.540630 0.081196 0.120520
10 0.404043 0.433025 0.096806 0.094688
8 0.474525 0.831409 0.088314 0.143187
17 0.411686 0.789838 0.067934 0.129330
4 0.243549 0.866051 0.159645 0.083141
4 0.882977 0.534642 0.056045 0.071594
4 0.630657 0.699470 0.109449 0.065435
19 0.502311 0.408006 0.043672 0.042890
8 0.467526 0.416254 0.023472 0.056087
10 0.442109 0.339577 0.036798 0.069284
3 0.734130 0.289539 0.050950 0.082114
3 0.320865 0.533744 0.149077 0.084681
9 0.105741 0.781584 0.043402 0.165512
10 0.662894 0.379565 0.048120 0.062869
17 0.944065 0.445000 0.044346 0.026944
15 0.834616 0.604097 0.110393 0.057737
4 0.609585 0.300659 0.035854 0.033359
17 0.953972 0.627833 0.071708 0.053888