3 0.406840 0.677787 0.070755 0.162192
3 0.785377 0.635160 0.143868 0.147636
4 0.219929 0.834780 0.100236 0.126842
4 0.257665 0.729771 0.048349 0.095651
4 0.281840 0.938749 0.134434 0.101890
4 0.560142 0.748486 0.082547 0.103969
4 0.484670 0.768240 0.054245 0.122683
4 0.536557 0.671549 0.073113 0.070699
17 0.326651 0.805669 0.061321 0.126842
17 0.494693 0.911717 0.057783 0.139318
15 0.604363 0.876368 0.109670 0.139318
15 0.341981 0.673628 0.051887 0.099810
11 0.409788 0.841018 0.088443 0.147636
4 0.582547 0.530151 0.040094 0.054064
4 0.435731 0.573818 0.036557 0.033270
4 0.425708 0.542627 0.025943 0.033270
15 0.906250 0.718335 0.086085 0.093572
10 0.710495 0.798391 0.064858 0.170509
19 0.477594 0.531191 0.035377 0.047826
18 0.846698 0.853494 0.200472 0.276557
4 0.155660 0.969894 0.103774 0.060211
15 0.366156 0.555104 0.036557 0.045746
3 0.692807 0.523913 0.060142 0.079016
3 0.635024 0.495841 0.048349 0.076937