3 0.604550 0.587255 0.199142 0.570588
7 0.355000 0.460784 0.138155 0.313725
7 0.166437 0.671569 0.219056 0.413725
11 0.025343 0.508824 0.050686 0.213725
7 0.241115 0.271569 0.156824 0.170588
7 0.778799 0.339216 0.179228 0.247059
3 0.415365 0.155882 0.119485 0.311765
7 0.132209 0.113725 0.187940 0.125490
8 0.932962 0.324510 0.134076 0.150980
11 0.081179 0.204902 0.068455 0.056863
7 0.017253 0.111765 0.034505 0.125490
7 0.284678 0.125490 0.104550 0.121569
17 0.493154 0.084314 0.036095 0.066667
17 0.684829 0.099020 0.036095 0.064706
3 0.575699 0.171857 0.136178 0.212226
2 0.678198 0.138882 0.062964 0.040163
19 0.509512 0.043067 0.052897 0.035714
10 0.627975 0.011555 0.038228 0.023109