3 0.603836 0.521778 0.482215 0.300444
9 0.452935 0.685333 0.101973 0.208000
9 0.284287 0.461333 0.058831 0.160000
4 0.138222 0.682667 0.276443 0.234667
13 0.183294 0.450667 0.080402 0.128000
3 0.296830 0.317333 0.151407 0.192000
13 0.219492 0.357037 0.049026 0.082963
15 0.490222 0.256296 0.071904 0.053333
13 0.172100 0.328148 0.041399 0.069630
10 0.202060 0.248889 0.040310 0.097778
4 0.109456 0.291111 0.075173 0.054815
15 0.408526 0.230805 0.053421 0.031264
13 0.944367 0.403333 0.081383 0.086667
15 0.814939 0.369333 0.161785 0.112000
4 0.680609 0.326667 0.089227 0.058667
8 0.579132 0.280178 0.069028 0.061867