3 0.190878 0.551719 0.226351 0.123552
10 0.057432 0.757161 0.108108 0.143665
3 0.226351 0.946103 0.202703 0.107794
3 0.442021 0.667896 0.137421 0.264729
3 0.228041 0.739921 0.104730 0.189638
3 0.537162 0.173311 0.067568 0.079314
7 0.608108 0.183936 0.030405 0.066086
7 0.830236 0.619242 0.062500 0.137919
7 0.407675 0.462647 0.045080 0.077579
13 0.488176 0.949672 0.054054 0.091946
13 0.901845 0.926643 0.057068 0.146715
13 0.809966 0.968349 0.059122 0.048846
13 0.567568 0.854853 0.047297 0.120679
13 0.836149 0.760034 0.037162 0.114932
13 0.614865 0.607749 0.027027 0.074706
13 0.721284 0.678145 0.030405 0.100566
13 0.651182 0.616369 0.025338 0.086199
13 0.737331 0.587636 0.025338 0.074706
13 0.828034 0.496376 0.019873 0.070424
13 0.883678 0.710747 0.037758 0.067607
13 0.379074 0.368486 0.018879 0.059156
20 0.034281 0.510461 0.052663 0.045635
20 0.115262 0.452995 0.045707 0.055776
20 0.075517 0.483418 0.055644 0.049015
20 0.710784 0.751875 0.043720 0.043945
20 0.672032 0.718609 0.033784 0.055161
20 0.975126 0.964837 0.049748 0.064227
20 0.965653 0.882018 0.054650 0.084509
20 0.952239 0.805960 0.057631 0.057466
20 0.933360 0.751875 0.047695 0.043945
20 0.911003 0.626801 0.042727 0.033804
20 0.919946 0.662295 0.046701 0.040564
20 0.921436 0.700324 0.045707 0.028733
20 0.888149 0.461164 0.032790 0.037184
20 0.868773 0.505108 0.035771 0.057466
20 0.571851 0.745114 0.028174 0.057466
5 0.593038 0.693563 0.038752 0.079438
5 0.367150 0.445107 0.036765 0.042254
13 0.775868 0.736663 0.028816 0.087889
10 0.704326 0.892160 0.110294 0.189300
10 0.691408 0.619196 0.036765 0.092960
10 0.849894 0.349894 0.031797 0.076058
7 0.746721 0.354682 0.040739 0.067607
10 0.809817 0.409613 0.049682 0.065917
7 0.798887 0.352147 0.047695 0.059156
18 0.573331 0.450178 0.073529 0.143665
7 0.461049 0.292991 0.059618 0.096340
13 0.468046 0.191867 0.012669 0.042202
9 0.481243 0.185282 0.009502 0.027835
8 0.392824 0.404821 0.037479 0.034120
19 0.870636 0.404970 0.038007 0.076322
19 0.686761 0.482191 0.049620 0.054772
4 0.796822 0.527535 0.039590 0.055670
4 0.754329 0.421582 0.045397 0.037712
19 0.636877 0.197254 0.023754 0.035018
19 0.504381 0.269536 0.020587 0.048487
10 0.526552 0.247537 0.026921 0.063751
20 0.724504 0.485483 0.030089 0.049385
5 0.751689 0.252476 0.021115 0.028733
19 0.836413 0.264598 0.020587 0.040406
3 0.691512 0.221199 0.025338 0.105055
4 0.618402 0.829531 0.058594 0.161623
4 0.568782 0.958830 0.086043 0.079016
10 0.661423 0.976272 0.087627 0.047455
3 0.487226 0.389107 0.054899 0.101464
6 0.580923 0.158495 0.023754 0.048487
3 0.696263 0.101478 0.032728 0.063751
7 0.574588 0.078132 0.033256 0.036814
7 0.345228 0.626604 0.040118 0.235252
17 0.389393 0.835368 0.042230 0.121218
7 0.664150 0.257564 0.025866 0.095178
4 0.820946 0.870656 0.087838 0.117806
13 0.784628 0.597692 0.025338 0.100566