13 0.482812 0.743750 0.109375 0.307500
13 0.254688 0.451250 0.065625 0.197500
9 0.172656 0.856250 0.092188 0.282500
4 0.156250 0.212500 0.065625 0.090000
13 0.441406 0.633750 0.085938 0.252500
13 0.656250 0.491250 0.071875 0.197500
13 0.315625 0.523750 0.087500 0.217500
4 0.164062 0.400000 0.103125 0.120000
13 0.484375 0.468750 0.062500 0.167500
13 0.322656 0.305000 0.048438 0.110000
3 0.174219 0.043750 0.076563 0.082500
13 0.587500 0.422500 0.056250 0.150000
13 0.642969 0.388750 0.051562 0.097500
13 0.207031 0.220000 0.039062 0.070000
13 0.351562 0.448750 0.059375 0.187500
13 0.122656 0.166250 0.026562 0.082500
4 0.189844 0.296250 0.085938 0.102500
4 0.178906 0.352500 0.089063 0.105000
6 0.254688 0.161250 0.062500 0.082500
13 0.232031 0.102500 0.023438 0.045000
13 0.418750 0.433750 0.065625 0.167500
13 0.457813 0.367500 0.040625 0.100000
3 0.209375 0.037500 0.043750 0.070000
17 0.535937 0.318750 0.068750 0.057500
13 0.464844 0.486250 0.067187 0.182500
13 0.459375 0.318750 0.040625 0.057500
6 0.488281 0.215000 0.070312 0.095000
6 0.349219 0.140000 0.070312 0.075000
13 0.362500 0.246250 0.034375 0.077500
4 0.170313 0.371250 0.096875 0.102500
13 0.453906 0.301250 0.042188 0.077500
13 0.253906 0.297500 0.048438 0.120000
13 0.382031 0.348750 0.042188 0.102500
13 0.305469 0.343750 0.054688 0.122500
13 0.382812 0.251250 0.034375 0.067500
13 0.803906 0.947500 0.151562 0.105000
13 0.288281 0.397500 0.054688 0.135000
13 0.534375 0.671250 0.075000 0.277500
3 0.016406 0.058750 0.029687 0.112500
13 0.150000 0.151250 0.031250 0.042500
13 0.542188 0.281250 0.050000 0.042500
13 0.352344 0.242500 0.032813 0.075000
6 0.247656 0.176250 0.057813 0.087500
13 0.459375 0.338750 0.040625 0.067500
13 0.310156 0.278750 0.057813 0.097500
13 0.192188 0.155000 0.034375 0.065000
13 0.278125 0.103750 0.021875 0.047500
13 0.356250 0.228750 0.034375 0.072500
4 0.143750 0.516250 0.137500 0.177500
13 0.627344 0.791250 0.110937 0.302500
13 0.429688 0.525000 0.071875 0.195000
