4 0.143066 0.163086 0.256836 0.310547 
17 0.955078 0.145996 0.0898438 0.291992 
9 0.770508 0.489746 0.126953 0.297852 
9 0.175781 0.638672 0.152344 0.353516 
15 0.34082 0.0986328 0.158203 0.197266 
9 0.879883 0.33252 0.0996094 0.239258 
17 0.815918 0.160645 0.172852 0.319336 
9 0.348633 0.776855 0.144531 0.37793 
9 0.836914 0.673828 0.134766 0.345703 
15 0.495117 0.168457 0.234375 0.334961 
9 0.424316 0.456543 0.147461 0.303711 
17 0.90332 0.918945 0.193359 0.162109 
8 0.496094 0.16748 0.238281 0.334961 
15 0.663574 0.102051 0.186523 0.204102 
4 0.078125 0.0229492 0.15625 0.0458984 
